SURVEY: DES   
SNID:   488399   
IAUC:    UNKNOWN 
PHOTOMETRY_VERSION: DES 
SNTYPE:  -9 
FILTERS: griz 
RA:      0.500000  deg 
DECL:    -43.000000  deg 
MAGTYPE: LOG10  
MAGREF:  AB  
FAKE:    2   (=> simulated LC with snlc_sim.exe) 
MWEBV:   0.0111    MW E(B-V) 
REDSHIFT_HELIO:   0.32731 +- 0.02170  (Helio, z_best) 
REDSHIFT_FINAL:   0.32731 +- 0.02170  (CMB) 
REDSHIFT_SPEC:    -9.00000 +- 9.00000  
REDSHIFT_STATUS: OK 
 
HOST_GALAXY_GALID:   18729 
HOST_GALAXY_PHOTO-Z:   0.3273  +- 0.0217  



SIM_MODEL:  SALT2.K09_LAMOPEN  6  (name index) 
SIM_NON1a:      0   (non1a index) 
SIM_COMMENT:  SN Type = Ia , MODEL = SALT2.K09_LAMOPEN  
SIM_LIBID:  4  
SIM_REDSHIFT:  0.3448  
SIM_HOSTLIB_TRUEZ:  0.3400  (actual Z of hostlib) 
SIM_HOSTLIB_GALID:  18729  
SIM_DLMU:      41.306110  mag   [ -5*log10(10pc/dL) ]  
SIM_RA:        0.500000 deg  
SIM_DECL:      -43.000000 deg  
SIM_MWEBV:   0.0127   (MilkyWay E(B-V)) 
SIM_PEAKMAG:   22.14  21.67  21.78  22.04  (griz obs)
SIM_EXPOSURE:     1.0    1.0    1.0    1.0  (griz obs)
SIM_PEAKMJD:   56323.214844  days 
SIM_SALT2alpha:    0.110   
SIM_SALT2beta:     3.200   
SIM_SALT2x0:   3.212e-05   
SIM_SALT2x1:   -0.8375   
SIM_SALT2c:    -0.0516   
SIM_SALT2mB:   21.8681   
SIM_STRETCH:    0.162  
SIM_MAGDIM:    1.045  
SIM_SEARCHEFF_MASK:  3  (bits 1,2=> found by software,humans) 
SIM_SEARCHEFF:  1.0000  (spectro-search efficiency (ignores pipelines)) 
SIM_TRESTMIN:   -35.00   days 
SIM_TRESTMAX:    -3.85   days 
SIM_RISETIME_SHIFT:   -0.0 days 
SIM_FALLTIME_SHIFT:   0.0 days 

SEARCH_PEAKMJD:   56322.676  


# ============================================ 
# TERSE LIGHT CURVE OUTPUT: 
#
NOBS: 20 
NVAR: 9 
VARLIST:  MJD  FLT FIELD   FLUXCAL   FLUXCALERR   SNR    MAG     MAGERR  SIM_MAG
OBS:  56276.152  g NULL   3.387e+00   4.037e+00   0.84   99.000    5.000   99.137
OBS:  56276.172  r NULL  -3.175e+00   2.884e+00  -1.10   99.000    5.000   99.107
OBS:  56277.164  i NULL   2.428e+00   3.541e+00   0.69   99.000    5.000   99.120
OBS:  56278.164  z NULL  -6.071e+00   4.285e+00  -1.42   99.000    5.000   99.086
OBS:  56288.035  g NULL  -8.286e+00   1.450e+01  -0.57   99.000    5.000   99.137
OBS:  56288.043  r NULL  -7.540e+00   5.402e+00  -1.40   99.000    5.000   99.107
OBS:  56288.051  i NULL   2.270e-02   5.979e+00   0.00   99.000    5.000   99.120
OBS:  56288.066  z NULL   1.976e+00   6.735e+00   0.29   99.000    5.000   99.086
OBS:  56292.109  g NULL   1.968e+01   7.768e+00   2.53   99.000    5.000   99.137
OBS:  56292.125  r NULL  -8.306e-01   3.867e+00  -0.21   99.000    5.000   99.107
OBS:  56296.039  i NULL   1.129e+00   3.473e+00   0.33   99.000    5.000   99.120
OBS:  56296.051  z NULL   1.258e+00   4.460e+00   0.28   99.000    5.000   99.086
OBS:  56305.043  g NULL   1.019e+01   2.917e+00   3.49   24.979    0.366   24.924
OBS:  56305.051  r NULL   2.253e+01   2.240e+00  10.06   24.118    0.114   24.079
OBS:  56305.055  i NULL   2.297e+01   3.093e+00   7.43   24.097    0.157   24.089
OBS:  56305.070  z NULL   2.000e+01   3.688e+00   5.42   24.248    0.222   24.023
OBS:  56317.035  g NULL   1.292e+02   1.510e+01   8.56   22.222    0.135   22.170
OBS:  56317.043  r NULL   1.941e+02   7.225e+00  26.87   21.780    0.041   21.835
OBS:  56317.051  i NULL   1.467e+02   7.464e+00  19.66   22.084    0.057   21.997
OBS:  56318.035  z NULL   1.567e+02   1.378e+01  11.37   22.013    0.100   22.040
END: 
