SURVEY: DES   
SNID:   148636   
IAUC:    UNKNOWN 
PHOTOMETRY_VERSION: DES 
SNTYPE:  23 
FILTERS: griz 
RA:      0.500000  deg 
DECL:    -43.000000  deg 
MAGTYPE: LOG10  
MAGREF:  AB  
FAKE:    2   (=> simulated LC with snlc_sim.exe) 
MWEBV:   0.0111    MW E(B-V) 
REDSHIFT_HELIO:   0.21690 +- 0.00500  (Helio, z_best) 
REDSHIFT_FINAL:   0.21690 +- 0.00500  (CMB) 
REDSHIFT_SPEC:    0.21690 +- 0.00500  
REDSHIFT_STATUS: OK 
 
HOST_GALAXY_GALID:   17156 
HOST_GALAXY_PHOTO-Z:   0.2426  +- 0.0298  



SIM_MODEL:  NONIA  10  (name index) 
SIM_NON1a:      4   (non1a index) 
SIM_COMMENT:  SN Type = IIL , MODEL = NUGENT2L  
SIM_LIBID:  4  
SIM_REDSHIFT:  0.2211  
SIM_HOSTLIB_TRUEZ:  0.2200  (actual Z of hostlib) 
SIM_HOSTLIB_GALID:  17156  
SIM_DLMU:      40.200294  mag   [ -5*log10(10pc/dL) ]  
SIM_RA:        0.500000 deg  
SIM_DECL:      -43.000000 deg  
SIM_MWEBV:   0.0087   (MilkyWay E(B-V)) 
SIM_PEAKMAG:   24.05  23.38  23.12  23.34  (griz obs)
SIM_EXPOSURE:     1.0    1.0    1.0    1.0  (griz obs)
SIM_PEAKMJD:   56326.402344  days 
SIM_SALT2x0:   8.315e-17   
SIM_MAGDIM:    0.000  
SIM_SEARCHEFF_MASK:  2  (bits 1,2=> found by software,humans) 
SIM_SEARCHEFF:  1.0000  (spectro-search efficiency (ignores pipelines)) 
SIM_TRESTMIN:   -39.50   days 
SIM_TRESTMAX:    -6.85   days 
SIM_RISETIME_SHIFT:   0.0 days 
SIM_FALLTIME_SHIFT:   0.0 days 

SEARCH_PEAKMJD:   56326.773  


# ============================================ 
# TERSE LIGHT CURVE OUTPUT: 
#
NOBS: 17 
NVAR: 9 
VARLIST:  MJD  FLT FIELD   FLUXCAL   FLUXCALERR   SNR    MAG     MAGERR  SIM_MAG
OBS:  56278.164  z NULL  -4.761e+00   4.285e+00  -1.11   99.000    5.000   98.731
OBS:  56288.035  g NULL  -1.746e+01   1.451e+01  -1.20   99.000    5.000   98.720
OBS:  56288.043  r NULL  -1.473e+00   5.400e+00  -0.27   99.000    5.000   98.746
OBS:  56288.051  i NULL  -1.533e-01   5.979e+00  -0.03   99.000    5.000   98.679
OBS:  56288.066  z NULL   7.854e+00   6.736e+00   1.17   99.000    5.000   98.731
OBS:  56292.109  g NULL   6.664e+00   7.761e+00   0.86   99.000    5.000   98.720
OBS:  56292.125  r NULL   4.295e-01   3.867e+00   0.11   99.000    5.000   98.746
OBS:  56296.039  i NULL  -1.997e+00   3.473e+00  -0.57   99.000    5.000   98.679
OBS:  56296.051  z NULL   7.989e+00   4.463e+00   1.79   99.000    5.000   98.731
OBS:  56305.043  g NULL   3.080e+00   2.876e+00   1.07   26.279    2.944   27.463
OBS:  56305.051  r NULL   2.307e+00   2.174e+00   1.06   26.592    3.094   27.626
OBS:  56305.055  i NULL  -2.801e+00   3.046e+00  -0.92  128.000    0.000   27.619
OBS:  56305.070  z NULL   5.500e+00   3.664e+00   1.50   25.649    1.190   27.967
OBS:  56317.035  g NULL   6.747e+01   1.489e+01   4.53   22.927    0.270   23.174
OBS:  56317.043  r NULL   7.342e+01   6.364e+00  11.54   22.836    0.099   22.743
OBS:  56317.051  i NULL   9.367e+01   7.149e+00  13.10   22.571    0.086   22.547
OBS:  56318.035  z NULL   8.026e+01   1.354e+01   5.93   22.739    0.200   22.837
END: 
