SURVEY: DES   
SNID:   327233   
IAUC:    UNKNOWN 
PHOTOMETRY_VERSION: DES 
SNTYPE:  -9 
FILTERS: griz 
RA:      36.750000  deg 
DECL:    -4.500000  deg 
MAGTYPE: LOG10  
MAGREF:  AB  
FAKE:    2   (=> simulated LC with snlc_sim.exe) 
MWEBV:   0.0283    MW E(B-V) 
REDSHIFT_HELIO:   0.26151 +- 0.03020  (Helio, z_best) 
REDSHIFT_FINAL:   0.26151 +- 0.03020  (CMB) 
REDSHIFT_SPEC:    -9.00000 +- 9.00000  
REDSHIFT_STATUS: OK 
 
HOST_GALAXY_GALID:   13854 
HOST_GALAXY_PHOTO-Z:   0.2615  +- 0.0302  



SIM_MODEL:  SALT2.K09_LAMOPEN  6  (name index) 
SIM_NON1a:      0   (non1a index) 
SIM_COMMENT:  SN Type = Ia , MODEL = SALT2.K09_LAMOPEN  
SIM_LIBID:  2  
SIM_REDSHIFT:  0.2572  
SIM_HOSTLIB_TRUEZ:  0.2600  (actual Z of hostlib) 
SIM_HOSTLIB_GALID:  13854  
SIM_DLMU:      40.572395  mag   [ -5*log10(10pc/dL) ]  
SIM_RA:        36.750000 deg  
SIM_DECL:      -4.500000 deg  
SIM_MWEBV:   0.0345   (MilkyWay E(B-V)) 
SIM_PEAKMAG:   22.12  21.60  21.51  21.98  (griz obs)
SIM_EXPOSURE:     1.0    1.0    1.0    1.0  (griz obs)
SIM_PEAKMJD:   56360.250000  days 
SIM_SALT2alpha:    0.110   
SIM_SALT2beta:     3.200   
SIM_SALT2x0:   2.989e-05   
SIM_SALT2x1:   -1.1294   
SIM_SALT2c:     0.1920   
SIM_SALT2mB:   21.9461   
SIM_MAGDIM:    1.857  
SIM_SEARCHEFF_MASK:  2  (bits 1,2=> found by software,humans) 
SIM_SEARCHEFF:  1.0000  (spectro-search efficiency (ignores pipelines)) 
SIM_TRESTMIN:   -38.34   days 
SIM_TRESTMAX:    -8.95   days 
SIM_RISETIME_SHIFT:   0.0 days 
SIM_FALLTIME_SHIFT:   0.0 days 

SEARCH_PEAKMJD:   56360.648  


# ============================================ 
# TERSE LIGHT CURVE OUTPUT: 
#
NOBS: 17 
NVAR: 9 
VARLIST:  MJD  FLT FIELD   FLUXCAL   FLUXCALERR   SNR    MAG     MAGERR  SIM_MAG
OBS:  56312.047  g NULL  -1.387e+01   9.606e+00  -1.44   99.000    5.000   99.041
OBS:  56318.066  r NULL   3.338e-01   4.570e+00   0.07   99.000    5.000   98.953
OBS:  56318.078  i NULL   1.725e+01   7.977e+00   2.16   99.000    5.000   98.980
OBS:  56318.086  z NULL   2.400e+00   6.367e+00   0.38   99.000    5.000   98.965
OBS:  56320.035  g NULL  -1.004e+01   1.145e+01  -0.88   99.000    5.000   99.041
OBS:  56327.039  r NULL   3.274e+00   2.796e+00   1.17   99.000    5.000   98.953
OBS:  56327.047  i NULL  -3.364e+00   4.171e+00  -0.81   99.000    5.000   98.980
OBS:  56327.055  z NULL  -4.769e+00   4.750e+00  -1.00   99.000    5.000   98.965
OBS:  56328.039  g NULL   1.176e+00   3.700e+00   0.32   99.000    5.000   99.041
OBS:  56336.043  r NULL   2.071e+00   3.080e+00   0.67   26.710  101.290   28.741
OBS:  56336.055  i NULL   3.693e-01   5.007e+00   0.07   28.581   99.419   28.497
OBS:  56337.043  z NULL   7.320e+00   4.041e+00   1.81   25.339    0.871   26.893
OBS:  56338.043  g NULL   2.560e+00   3.557e+00   0.72   26.479  101.521   27.092
OBS:  56347.996  r NULL   8.299e+01   3.006e+00  27.61   22.702    0.040   22.663
OBS:  56348.004  i NULL   8.967e+01   5.193e+00  17.27   22.618    0.065   22.526
OBS:  56348.008  z NULL   9.948e+01   6.831e+00  14.56   22.506    0.077   22.622
OBS:  56348.996  g NULL   6.744e+01   5.785e+00  11.66   22.928    0.097   22.924
END: 
