SURVEY: DES   
SNID:   673015   
IAUC:    UNKNOWN 
PHOTOMETRY_VERSION: DES 
SNTYPE:  -9 
FILTERS: griz 
RA:      0.500000  deg 
DECL:    -43.000000  deg 
MAGTYPE: LOG10  
MAGREF:  AB  
FAKE:    2   (=> simulated LC with snlc_sim.exe) 
MWEBV:   0.0111    MW E(B-V) 
REDSHIFT_HELIO:   0.19525 +- 0.03160  (Helio, z_best) 
REDSHIFT_FINAL:   0.19525 +- 0.03160  (CMB) 
REDSHIFT_SPEC:    -9.00000 +- 9.00000  
REDSHIFT_STATUS: OK 
 
HOST_GALAXY_GALID:   14919 
HOST_GALAXY_PHOTO-Z:   0.1953  +- 0.0316  



SIM_MODEL:  NONIA  10  (name index) 
SIM_NON1a:      3   (non1a index) 
SIM_COMMENT:  SN Type = IIP , MODEL = NUGENT2P  
SIM_LIBID:  4  
SIM_REDSHIFT:  0.1717  
SIM_HOSTLIB_TRUEZ:  0.1700  (actual Z of hostlib) 
SIM_HOSTLIB_GALID:  14919  
SIM_DLMU:      39.587749  mag   [ -5*log10(10pc/dL) ]  
SIM_RA:        0.500000 deg  
SIM_DECL:      -43.000000 deg  
SIM_MWEBV:   0.0114   (MilkyWay E(B-V)) 
SIM_PEAKMAG:   23.23  22.65  22.41  22.61  (griz obs)
SIM_EXPOSURE:     1.0    1.0    1.0    1.0  (griz obs)
SIM_PEAKMJD:   56331.789062  days 
SIM_SALT2x0:   1.462e-16   
SIM_MAGDIM:    0.000  
SIM_SEARCHEFF_MASK:  2  (bits 1,2=> found by software,humans) 
SIM_SEARCHEFF:  1.0000  (spectro-search efficiency (ignores pipelines)) 
SIM_TRESTMIN:   -37.34   days 
SIM_TRESTMAX:   -11.74   days 
SIM_RISETIME_SHIFT:   0.0 days 
SIM_FALLTIME_SHIFT:   0.0 days 

SEARCH_PEAKMJD:   56331.113  


# ============================================ 
# TERSE LIGHT CURVE OUTPUT: 
#
NOBS: 16 
NVAR: 9 
VARLIST:  MJD  FLT FIELD   FLUXCAL   FLUXCALERR   SNR    MAG     MAGERR  SIM_MAG
OBS:  56288.035  g NULL  -1.974e+01   1.451e+01  -1.36   99.000    5.000   98.419
OBS:  56288.043  r NULL   2.427e+00   5.400e+00   0.45   99.000    5.000   98.387
OBS:  56288.051  i NULL  -3.157e+00   5.980e+00  -0.53   99.000    5.000   98.347
OBS:  56288.066  z NULL   2.060e+00   6.735e+00   0.31   99.000    5.000   98.337
OBS:  56292.109  g NULL  -3.938e+00   7.760e+00  -0.51   99.000    5.000   98.419
OBS:  56292.125  r NULL   3.615e+00   3.867e+00   0.93   99.000    5.000   98.387
OBS:  56296.039  i NULL  -4.104e-01   3.473e+00  -0.12   99.000    5.000   98.347
OBS:  56296.051  z NULL   4.641e+00   4.461e+00   1.04   99.000    5.000   98.337
OBS:  56305.043  g NULL   9.657e-01   2.872e+00   0.34   99.000    5.000   98.419
OBS:  56305.051  r NULL   6.862e+00   2.176e+00   3.15   99.000    5.000   98.387
OBS:  56305.055  i NULL   1.666e+00   3.045e+00   0.55   99.000    5.000   98.347
OBS:  56305.070  z NULL  -4.091e+00   3.663e+00  -1.12   99.000    5.000   98.337
OBS:  56317.035  g NULL   4.569e+01   1.485e+01   3.08   23.350    0.427   23.382
OBS:  56317.043  r NULL   4.925e+01   6.271e+00   7.85   23.269    0.148   23.266
OBS:  56317.051  i NULL   6.035e+01   7.016e+00   8.60   23.048    0.134   23.040
OBS:  56318.035  z NULL   8.060e+00   1.346e+01   0.60   25.234  102.766   23.183
END: 
