SURVEY: DES   
SNID:   550738   
IAUC:    UNKNOWN 
PHOTOMETRY_VERSION: DES 
SNTYPE:  -9 
FILTERS: griz 
RA:      36.750000  deg 
DECL:    -4.500000  deg 
MAGTYPE: LOG10  
MAGREF:    
FAKE:    2   (=> simulated LC with snlc_sim.exe) 
MWEBV:   0.0283    MW E(B-V) 
REDSHIFT_HELIO:   0.40274 +- 0.02680  (Helio, z_best) 
REDSHIFT_FINAL:   0.40274 +- 0.02680  (CMB) 
REDSHIFT_SPEC:    -9.00000 +- 9.00000  
REDSHIFT_STATUS: OK 
 
HOST_GALAXY_GALID:   10642 
HOST_GALAXY_PHOTO-Z:   0.4027  +- 0.0268  



SIM_MODEL:  mlcs2k2.SNchallenge  3  (name index) 
SIM_NON1a:      0   (non1a index) 
SIM_COMMENT:  SN Type = Ia , MODEL = mlcs2k2.SNchallenge  
SIM_LIBID:  2  
SIM_REDSHIFT:  0.4100  
SIM_HOSTLIB_TRUEZ:  0.4100  (actual Z of hostlib) 
SIM_HOSTLIB_GALID:  10642  
SIM_DLMU:      41.748039  mag   [ -5*log10(10pc/dL) ]  
SIM_RA:        36.750000 deg  
SIM_DECL:      -4.500000 deg  
SIM_MWEBV:   0.0247   (MilkyWay E(B-V)) 
SIM_AVTAU:        0.250   (dN/dAV = exp(-AV/AVTAU)) 
SIM_AV:         0.200  mag  (host extinction at 5510 A)
SIM_RV:         2.954   (CCM89 extinction parameter) 
SIM_PEAKMAG:   23.22  22.37  22.41  22.61  (griz obs)
SIM_EXPOSURE:     1.0    1.0    1.0    1.0  (griz obs)
SIM_PEAKMJD:   56363.917969  days 
SIM_DELTA:      0.180  mag  (MLCS lumi-par) 
SIM_STRETCH:    0.820  
SIM_MAGDIM:    0.504  
SIM_SEARCHEFF_MASK:  2  (bits 1,2=> found by software,humans) 
SIM_SEARCHEFF:  1.0000  (spectro-search efficiency (ignores pipelines)) 
SIM_TRESTMIN:   -36.79   days 
SIM_TRESTMAX:   -10.58   days 
SIM_RISETIME_SHIFT:   -0.0 days 
SIM_FALLTIME_SHIFT:   -0.0 days 

SEARCH_PEAKMJD:   56366.016  


# ============================================ 
# TERSE LIGHT CURVE OUTPUT: 
#
NOBS: 17 
NVAR: 9 
VARLIST:  MJD  FLT FIELD   FLUXCAL   FLUXCALERR   SNR    MAG     MAGERR  SIM_MAG
OBS:  56312.047  g NULL   3.518e+00   9.602e+00   0.37   99.000    5.000   99.000
OBS:  56318.066  r NULL  -5.595e-02   4.570e+00  -0.01   99.000    5.000   99.000
OBS:  56318.078  i NULL   1.686e+01   7.976e+00   2.11   99.000    5.000   99.000
OBS:  56318.086  z NULL  -6.089e+00   6.368e+00  -0.96   99.000    5.000   99.000
OBS:  56320.035  g NULL  -2.045e+00   1.145e+01  -0.18   99.000    5.000   99.000
OBS:  56327.039  r NULL  -7.430e-01   2.795e+00  -0.27   99.000    5.000   99.000
OBS:  56327.047  i NULL  -7.681e+00   4.173e+00  -1.84   99.000    5.000   99.000
OBS:  56327.055  z NULL  -7.305e-01   4.750e+00  -0.15   99.000    5.000   99.000
OBS:  56328.039  g NULL  -2.584e+00   3.700e+00  -0.70   99.000    5.000   99.000
OBS:  56336.043  r NULL   4.895e+00   3.081e+00   1.59   25.776    1.077   44.244
OBS:  56336.055  i NULL  -8.235e+00   5.009e+00  -1.64  128.000    0.000   44.153
OBS:  56337.043  z NULL  -9.564e+00   4.043e+00  -2.37  128.000    0.000   30.277
OBS:  56338.043  g NULL  -8.589e-01   3.553e+00  -0.24  128.000    0.000   29.179
OBS:  56347.996  r NULL   2.236e+01   2.539e+00   8.81   24.126    0.131   24.116
OBS:  56348.004  i NULL   2.757e+01   4.904e+00   5.62   23.899    0.212   24.093
OBS:  56348.008  z NULL   3.133e+01   6.591e+00   4.75   23.760    0.256   24.110
OBS:  56348.996  g NULL   9.478e+00   5.534e+00   1.71   25.058    0.952   24.743
END: 
