SURVEY: DES   
SNID:   603579   
IAUC:    UNKNOWN 
PHOTOMETRY_VERSION: DES 
SNTYPE:  -9 
FILTERS: griz 
RA:      0.500000  deg 
DECL:    -43.000000  deg 
MAGTYPE: LOG10  
MAGREF:  AB  
FAKE:    2   (=> simulated LC with snlc_sim.exe) 
MWEBV:   0.0111    MW E(B-V) 
REDSHIFT_HELIO:   0.18231 +- 0.03080  (Helio, z_best) 
REDSHIFT_FINAL:   0.18231 +- 0.03080  (CMB) 
REDSHIFT_SPEC:    -9.00000 +- 9.00000  
REDSHIFT_STATUS: OK 
 
HOST_GALAXY_GALID:   14857 
HOST_GALAXY_PHOTO-Z:   0.1823  +- 0.0308  



SIM_MODEL:  NONIA  10  (name index) 
SIM_NON1a:      36   (non1a index) 
SIM_COMMENT:  SN Type = II , MODEL = SDSS-018457  
SIM_LIBID:  4  
SIM_REDSHIFT:  0.1360  
SIM_HOSTLIB_TRUEZ:  0.1400  (actual Z of hostlib) 
SIM_HOSTLIB_GALID:  14857  
SIM_DLMU:      39.034271  mag   [ -5*log10(10pc/dL) ]  
SIM_RA:        0.500000 deg  
SIM_DECL:      -43.000000 deg  
SIM_MWEBV:   0.0133   (MilkyWay E(B-V)) 
SIM_PEAKMAG:   21.19  21.16  21.01  21.11  (griz obs)
SIM_EXPOSURE:     1.0    1.0    1.0    1.0  (griz obs)
SIM_PEAKMJD:   56325.519531  days 
SIM_SALT2x0:   2.434e-16   
SIM_MAGDIM:    0.000  
SIM_SEARCHEFF_MASK:  3  (bits 1,2=> found by software,humans) 
SIM_SEARCHEFF:  1.0000  (spectro-search efficiency (ignores pipelines)) 
SIM_TRESTMIN:   -33.00   days 
SIM_TRESTMAX:    -6.59   days 
SIM_RISETIME_SHIFT:   0.0 days 
SIM_FALLTIME_SHIFT:   0.0 days 

SEARCH_PEAKMJD:   56325.219  


# ============================================ 
# TERSE LIGHT CURVE OUTPUT: 
#
NOBS: 16 
NVAR: 9 
VARLIST:  MJD  FLT FIELD   FLUXCAL   FLUXCALERR   SNR    MAG     MAGERR  SIM_MAG
OBS:  56288.035  g NULL   9.253e+00   1.450e+01   0.64   99.000    5.000   98.959
OBS:  56288.043  r NULL   6.489e+00   5.401e+00   1.20   99.000    5.000   99.022
OBS:  56288.051  i NULL  -1.995e+00   5.979e+00  -0.33   99.000    5.000   98.956
OBS:  56288.066  z NULL   2.040e+01   6.745e+00   3.02   99.000    5.000   99.040
OBS:  56292.109  g NULL   1.066e+01   7.762e+00   1.37   99.000    5.000   98.959
OBS:  56292.125  r NULL  -2.492e+00   3.867e+00  -0.64   99.000    5.000   99.022
OBS:  56296.039  i NULL   3.709e+01   3.566e+00  10.40   23.577    0.110   23.537
OBS:  56296.051  z NULL   3.391e+01   4.512e+00   7.51   23.674    0.155   23.707
OBS:  56305.043  g NULL   7.252e+01   3.400e+00  21.33   22.849    0.052   22.864
OBS:  56305.051  r NULL   8.286e+01   2.741e+00  30.23   22.704    0.036   22.725
OBS:  56305.055  i NULL   9.829e+01   3.617e+00  27.17   22.519    0.041   22.517
OBS:  56305.070  z NULL   1.327e+02   4.448e+00  29.83   22.193    0.038   22.146
OBS:  56317.035  g NULL   2.736e+02   1.587e+01  17.24   21.407    0.065   21.378
OBS:  56317.043  r NULL   2.899e+02   8.289e+00  34.97   21.344    0.031   21.366
OBS:  56317.051  i NULL   2.831e+02   8.739e+00  32.39   21.370    0.034   21.346
DETECTION:  6 MJDs satisfy g+r+i+z 
OBS:  56318.035  z NULL   2.909e+02   1.453e+01  20.02   21.341    0.056   21.250
END: 
