SURVEY: DES   
SNID:   680089   
IAUC:    UNKNOWN 
PHOTOMETRY_VERSION: DES 
SNTYPE:  -9 
FILTERS: griz 
RA:      36.750000  deg 
DECL:    -4.500000  deg 
MAGTYPE: LOG10  
MAGREF:    
FAKE:    2   (=> simulated LC with snlc_sim.exe) 
MWEBV:   0.0283    MW E(B-V) 
REDSHIFT_HELIO:   0.35825 +- 0.02950  (Helio, z_best) 
REDSHIFT_FINAL:   0.35825 +- 0.02950  (CMB) 
REDSHIFT_SPEC:    -9.00000 +- 9.00000  
REDSHIFT_STATUS: OK 
 
HOST_GALAXY_GALID:   14181 
HOST_GALAXY_PHOTO-Z:   0.3582  +- 0.0295  



SIM_MODEL:  mlcs2k2.SNchallenge  3  (name index) 
SIM_NON1a:      0   (non1a index) 
SIM_COMMENT:  SN Type = Ia , MODEL = mlcs2k2.SNchallenge  
SIM_LIBID:  2  
SIM_REDSHIFT:  0.3114  
SIM_HOSTLIB_TRUEZ:  0.3100  (actual Z of hostlib) 
SIM_HOSTLIB_GALID:  14181  
SIM_DLMU:      41.049389  mag   [ -5*log10(10pc/dL) ]  
SIM_RA:        36.750000 deg  
SIM_DECL:      -4.500000 deg  
SIM_MWEBV:   0.0268   (MilkyWay E(B-V)) 
SIM_AVTAU:        0.250   (dN/dAV = exp(-AV/AVTAU)) 
SIM_AV:         0.166  mag  (host extinction at 5510 A)
SIM_RV:         1.798   (CCM89 extinction parameter) 
SIM_PEAKMAG:   21.90  21.47  21.47  21.90  (griz obs)
SIM_EXPOSURE:     1.0    1.0    1.0    1.0  (griz obs)
SIM_PEAKMJD:   56364.054688  days 
SIM_DELTA:     -0.088  mag  (MLCS lumi-par) 
SIM_STRETCH:    1.088  
SIM_MAGDIM:    0.319  
SIM_SEARCHEFF_MASK:  2  (bits 1,2=> found by software,humans) 
SIM_SEARCHEFF:  1.0000  (spectro-search efficiency (ignores pipelines)) 
SIM_TRESTMIN:   -39.66   days 
SIM_TRESTMAX:   -11.48   days 
SIM_RISETIME_SHIFT:   -0.0 days 
SIM_FALLTIME_SHIFT:   0.0 days 

SEARCH_PEAKMJD:   56362.285  


# ============================================ 
# TERSE LIGHT CURVE OUTPUT: 
#
NOBS: 17 
NVAR: 9 
VARLIST:  MJD  FLT FIELD   FLUXCAL   FLUXCALERR   SNR    MAG     MAGERR  SIM_MAG
OBS:  56312.047  g NULL  -1.878e+01   9.608e+00  -1.95   99.000    5.000   99.000
OBS:  56318.066  r NULL   1.056e+00   4.570e+00   0.23   99.000    5.000   99.000
OBS:  56318.078  i NULL   1.267e+01   7.974e+00   1.59   99.000    5.000   99.000
OBS:  56318.086  z NULL  -8.356e-02   6.367e+00  -0.01   99.000    5.000   99.000
OBS:  56320.035  g NULL  -9.436e+00   1.145e+01  -0.82   99.000    5.000   99.000
OBS:  56327.039  r NULL  -3.443e+00   2.796e+00  -1.23   99.000    5.000   99.000
OBS:  56327.047  i NULL   1.277e+00   4.171e+00   0.31   99.000    5.000   99.000
OBS:  56327.055  z NULL  -2.250e-01   4.750e+00  -0.05   99.000    5.000   99.000
OBS:  56328.039  g NULL  -6.934e+00   3.702e+00  -1.87   99.000    5.000   99.000
OBS:  56336.043  r NULL  -1.546e+00   3.079e+00  -0.50   99.000    5.000   99.000
OBS:  56336.055  i NULL  -5.104e+00   5.007e+00  -1.02   99.000    5.000   99.000
OBS:  56337.043  z NULL  -5.415e+00   4.040e+00  -1.34   99.000    5.000   99.000
OBS:  56338.043  g NULL   1.430e+00   3.552e+00   0.40   27.112  100.888   44.792
OBS:  56347.996  r NULL   6.335e+01   2.810e+00  22.54   22.996    0.049   23.016
OBS:  56348.004  i NULL   6.728e+01   5.056e+00  13.31   22.930    0.084   23.020
OBS:  56348.008  z NULL   4.874e+01   6.633e+00   7.35   23.280    0.159   23.136
OBS:  56348.996  g NULL   5.142e+01   5.691e+00   9.03   23.222    0.127   23.254
END: 
