SURVEY: DES   
SNID:   590606   
IAUC:    UNKNOWN 
PHOTOMETRY_VERSION: DES 
SNTYPE:  -9 
FILTERS: griz 
RA:      0.500000  deg 
DECL:    -43.000000  deg 
MAGTYPE: LOG10  
MAGREF:  AB  
FAKE:    2   (=> simulated LC with snlc_sim.exe) 
MWEBV:   0.0111    MW E(B-V) 
REDSHIFT_HELIO:   0.06570 +- 0.08950  (Helio, z_best) 
REDSHIFT_FINAL:   0.06570 +- 0.08950  (CMB) 
REDSHIFT_SPEC:    -9.00000 +- 9.00000  
REDSHIFT_STATUS: OK 
 
HOST_GALAXY_GALID:   17294 
HOST_GALAXY_PHOTO-Z:   0.0657  +- 0.0895  



SIM_MODEL:  NONIA  10  (name index) 
SIM_NON1a:      15   (non1a index) 
SIM_COMMENT:  SN Type = II , MODEL = SDSS-003818  
SIM_LIBID:  4  
SIM_REDSHIFT:  0.0984  
SIM_HOSTLIB_TRUEZ:  0.1000  (actual Z of hostlib) 
SIM_HOSTLIB_GALID:  17294  
SIM_DLMU:      38.277794  mag   [ -5*log10(10pc/dL) ]  
SIM_RA:        0.500000 deg  
SIM_DECL:      -43.000000 deg  
SIM_MWEBV:   0.0129   (MilkyWay E(B-V)) 
SIM_PEAKMAG:   21.06  21.12  20.83  21.15  (griz obs)
SIM_EXPOSURE:     1.0    1.0    1.0    1.0  (griz obs)
SIM_PEAKMJD:   56323.402344  days 
SIM_SALT2x0:   4.885e-16   
SIM_MAGDIM:    0.000  
SIM_SEARCHEFF_MASK:  2  (bits 1,2=> found by software,humans) 
SIM_SEARCHEFF:  1.0000  (spectro-search efficiency (ignores pipelines)) 
SIM_TRESTMIN:   -32.20   days 
SIM_TRESTMAX:    -4.89   days 
SIM_RISETIME_SHIFT:   0.0 days 
SIM_FALLTIME_SHIFT:   0.0 days 

SEARCH_PEAKMJD:   56324.934  


# ============================================ 
# TERSE LIGHT CURVE OUTPUT: 
#
NOBS: 16 
NVAR: 9 
VARLIST:  MJD  FLT FIELD   FLUXCAL   FLUXCALERR   SNR    MAG     MAGERR  SIM_MAG
OBS:  56288.035  g NULL   1.074e+01   1.451e+01   0.74   99.000    5.000   99.011
OBS:  56288.043  r NULL   3.250e+00   5.400e+00   0.60   99.000    5.000   98.998
OBS:  56288.051  i NULL  -7.101e+00   5.981e+00  -1.19   99.000    5.000   98.906
OBS:  56288.066  z NULL  -1.957e+00   6.735e+00  -0.29   99.000    5.000   98.917
OBS:  56292.109  g NULL  -2.627e+00   7.760e+00  -0.34  128.000    0.000   52.192
OBS:  56292.125  r NULL   1.362e+00   3.867e+00   0.35   27.164  100.836   53.882
OBS:  56296.039  i NULL   1.253e+00   3.473e+00   0.36   27.255  100.745   45.915
OBS:  56296.051  z NULL  -2.784e+00   4.461e+00  -0.62  128.000    0.000   43.573
OBS:  56305.043  g NULL   1.986e+00   2.872e+00   0.69   26.755  101.245   42.360
OBS:  56305.051  r NULL   2.536e+00   2.173e+00   1.17   26.490    2.109   43.879
OBS:  56305.055  i NULL   9.052e-01   3.045e+00   0.30   27.608  100.392   43.853
OBS:  56305.070  z NULL  -8.612e-01   3.662e+00  -0.24  128.000    0.000   44.031
OBS:  56317.035  g NULL   9.495e+01   1.499e+01   6.33   22.556    0.187   22.401
OBS:  56317.043  r NULL   9.025e+01   6.442e+00  14.01   22.611    0.080   22.632
OBS:  56317.051  i NULL   8.034e+01   7.090e+00  11.33   22.738    0.101   22.677
OBS:  56318.035  z NULL   1.624e+02   1.380e+01  11.77   21.973    0.096   22.055
END: 
