SURVEY: DES   
SNID:   272367   
IAUC:    UNKNOWN 
PHOTOMETRY_VERSION: DES 
SNTYPE:  22 
FILTERS: griz 
RA:      34.500000  deg 
DECL:    -5.500000  deg 
MAGTYPE: LOG10  
MAGREF:  AB  
FAKE:    2   (=> simulated LC with snlc_sim.exe) 
MWEBV:   0.0227    MW E(B-V) 
REDSHIFT_HELIO:   0.13747 +- 0.00500  (Helio, z_best) 
REDSHIFT_FINAL:   0.13747 +- 0.00500  (CMB) 
REDSHIFT_SPEC:    0.13747 +- 0.00500  
REDSHIFT_STATUS: OK 
 
HOST_GALAXY_GALID:   10130 
HOST_GALAXY_PHOTO-Z:   0.0766  +- 0.0355  



SIM_MODEL:  NONIA  10  (name index) 
SIM_NON1a:      27   (non1a index) 
SIM_COMMENT:  SN Type = II , MODEL = SDSS-015339  
SIM_LIBID:  1  
SIM_REDSHIFT:  0.1398  
SIM_HOSTLIB_TRUEZ:  0.1400  (actual Z of hostlib) 
SIM_HOSTLIB_GALID:  10130  
SIM_DLMU:      39.099033  mag   [ -5*log10(10pc/dL) ]  
SIM_RA:        34.500000 deg  
SIM_DECL:      -5.500000 deg  
SIM_MWEBV:   0.0232   (MilkyWay E(B-V)) 
SIM_PEAKMAG:   20.59  20.59  20.72  21.05  (griz obs)
SIM_EXPOSURE:     1.0    1.0    1.0    1.0  (griz obs)
SIM_PEAKMJD:   56359.136719  days 
SIM_SALT2x0:   2.293e-16   
SIM_MAGDIM:    0.000  
SIM_SEARCHEFF_MASK:  3  (bits 1,2=> found by software,humans) 
SIM_SEARCHEFF:  1.0000  (spectro-search efficiency (ignores pipelines)) 
SIM_TRESTMIN:   -36.91   days 
SIM_TRESTMAX:    -7.14   days 
SIM_RISETIME_SHIFT:   0.0 days 
SIM_FALLTIME_SHIFT:   0.0 days 

SEARCH_PEAKMJD:   56360.668  


# ============================================ 
# TERSE LIGHT CURVE OUTPUT: 
#
NOBS: 16 
NVAR: 9 
VARLIST:  MJD  FLT FIELD   FLUXCAL   FLUXCALERR   SNR    MAG     MAGERR  SIM_MAG
OBS:  56317.066  z NULL  -2.643e+00   4.249e+00  -0.62   99.000    5.000   98.913
OBS:  56321.035  g NULL  -4.321e+00   2.914e+00  -1.48   99.000    5.000   99.003
OBS:  56321.043  r NULL   6.792e-01   1.365e+00   0.50   99.000    5.000   98.928
OBS:  56321.066  i NULL  -5.756e+00   3.217e+00  -1.79   99.000    5.000   98.968
OBS:  56326.039  z NULL  -3.180e+00   2.607e+00  -1.22  128.000    0.000   39.947
OBS:  56333.043  g NULL  -2.624e+00   1.816e+00  -1.44  128.000    0.000   45.482
OBS:  56333.051  r NULL   1.053e+00   1.383e+00   0.76   27.444  100.556   33.812
OBS:  56334.043  i NULL   5.571e+00   2.180e+00   2.56   25.635    0.539   25.781
OBS:  56335.043  z NULL   6.137e+00   3.382e+00   1.81   25.530    0.870   25.544
OBS:  56344.992  g NULL   2.543e+01   4.371e+00   5.82   23.987    0.205   24.025
OBS:  56345.000  r NULL   5.212e+01   2.118e+00  24.61   23.207    0.045   23.244
OBS:  56345.016  i NULL   9.542e+01   3.899e+00  24.47   22.551    0.046   22.480
OBS:  56345.992  z NULL   6.807e+01   3.915e+00  17.39   22.918    0.064   22.946
OBS:  56349.996  g NULL   4.191e+02   8.902e+00  47.08   20.944    0.023   20.949
OBS:  56350.004  r NULL   2.750e+02   5.554e+00  49.51   21.402    0.022   21.405
DETECTION:  6 MJDs satisfy g+r+i+z 
OBS:  56350.996  i NULL   2.583e+02   5.707e+00  45.26   21.470    0.024   21.479
END: 
