SURVEY: DES   
SNID:   580629   
IAUC:    UNKNOWN 
PHOTOMETRY_VERSION: DES 
SNTYPE:  1 
FILTERS: griz 
RA:      34.500000  deg 
DECL:    -5.500000  deg 
MAGTYPE: LOG10  
MAGREF:    
FAKE:    2   (=> simulated LC with snlc_sim.exe) 
MWEBV:   0.0227    MW E(B-V) 
REDSHIFT_HELIO:   0.28787 +- 0.00500  (Helio, z_best) 
REDSHIFT_FINAL:   0.28787 +- 0.00500  (CMB) 
REDSHIFT_SPEC:    0.28787 +- 0.00500  
REDSHIFT_STATUS: OK 
 
HOST_GALAXY_GALID:   11862 
HOST_GALAXY_PHOTO-Z:   0.3482  +- 0.0502  



SIM_MODEL:  mlcs2k2.SNchallenge  3  (name index) 
SIM_NON1a:      0   (non1a index) 
SIM_COMMENT:  SN Type = Ia , MODEL = mlcs2k2.SNchallenge  
SIM_LIBID:  1  
SIM_REDSHIFT:  0.2921  
SIM_HOSTLIB_TRUEZ:  0.2900  (actual Z of hostlib) 
SIM_HOSTLIB_GALID:  11862  
SIM_DLMU:      40.888695  mag   [ -5*log10(10pc/dL) ]  
SIM_RA:        34.500000 deg  
SIM_DECL:      -5.500000 deg  
SIM_MWEBV:   0.0202   (MilkyWay E(B-V)) 
SIM_AVTAU:        0.250   (dN/dAV = exp(-AV/AVTAU)) 
SIM_AV:         0.684  mag  (host extinction at 5510 A)
SIM_RV:         2.339   (CCM89 extinction parameter) 
SIM_PEAKMAG:   22.34  21.83  21.68  22.06  (griz obs)
SIM_EXPOSURE:     1.0    1.0    1.0    1.0  (griz obs)
SIM_PEAKMJD:   56362.515625  days 
SIM_DELTA:     -0.173  mag  (MLCS lumi-par) 
SIM_STRETCH:    1.173  
SIM_MAGDIM:    0.780  
SIM_SEARCHEFF_MASK:  3  (bits 1,2=> found by software,humans) 
SIM_SEARCHEFF:  1.0000  (spectro-search efficiency (ignores pipelines)) 
SIM_TRESTMIN:   -38.29   days 
SIM_TRESTMAX:    -8.92   days 
SIM_RISETIME_SHIFT:   -0.0 days 
SIM_FALLTIME_SHIFT:   -0.0 days 

SEARCH_PEAKMJD:   56361.660  


# ============================================ 
# TERSE LIGHT CURVE OUTPUT: 
#
NOBS: 19 
NVAR: 9 
VARLIST:  MJD  FLT FIELD   FLUXCAL   FLUXCALERR   SNR    MAG     MAGERR  SIM_MAG
OBS:  56313.047  g NULL  -2.440e+00   5.960e+00  -0.41   99.000    5.000   99.000
OBS:  56313.055  r NULL  -5.683e+00   2.526e+00  -2.25   99.000    5.000   99.000
OBS:  56313.090  i NULL  -2.881e+00   3.079e+00  -0.94   99.000    5.000   99.000
OBS:  56317.066  z NULL   1.260e+00   4.249e+00   0.30   99.000    5.000   99.000
OBS:  56321.035  g NULL   5.223e-01   2.913e+00   0.18   99.000    5.000   99.000
OBS:  56321.043  r NULL   1.093e+00   1.365e+00   0.80   99.000    5.000   99.000
OBS:  56321.066  i NULL   2.215e+00   3.216e+00   0.69   99.000    5.000   99.000
OBS:  56326.039  z NULL   4.117e+00   2.607e+00   1.58   99.000    5.000   99.000
OBS:  56333.043  g NULL  -3.742e+00   1.817e+00  -2.06   99.000    5.000   99.000
OBS:  56333.051  r NULL  -1.423e+00   1.383e+00  -1.03   99.000    5.000   99.000
OBS:  56334.043  i NULL   1.254e+00   2.176e+00   0.58   99.000    5.000   99.000
OBS:  56335.043  z NULL   3.044e+00   3.380e+00   0.90   99.000    5.000   99.000
OBS:  56344.992  g NULL   2.192e+01   4.363e+00   5.02   24.148    0.241   24.155
OBS:  56345.000  r NULL   3.733e+01   2.001e+00  18.65   23.570    0.060   23.575
OBS:  56345.016  i NULL   4.322e+01   3.551e+00  12.17   23.411    0.093   23.445
OBS:  56345.992  z NULL   5.425e+01   3.838e+00  14.13   23.164    0.079   23.289
OBS:  56349.996  g NULL   6.546e+01   4.193e+00  15.61   22.960    0.071   23.102
OBS:  56350.004  r NULL   8.161e+01   2.585e+00  31.56   22.721    0.036   22.651
DETECTION:  6 MJDs satisfy g+r+i+z 
OBS:  56350.996  i NULL   1.148e+02   3.722e+00  30.85   22.350    0.036   22.355
END: 
