SURVEY: DES   
SNID:   180377   
IAUC:    UNKNOWN 
PHOTOMETRY_VERSION: DES 
SNTYPE:  -9 
FILTERS: griz 
RA:      0.500000  deg 
DECL:    -43.000000  deg 
MAGTYPE: LOG10  
MAGREF:  AB  
FAKE:    2   (=> simulated LC with snlc_sim.exe) 
MWEBV:   0.0111    MW E(B-V) 
REDSHIFT_HELIO:   0.32536 +- 0.02980  (Helio, z_best) 
REDSHIFT_FINAL:   0.32536 +- 0.02980  (CMB) 
REDSHIFT_SPEC:    -9.00000 +- 9.00000  
REDSHIFT_STATUS: OK 
 
HOST_GALAXY_GALID:   10224 
HOST_GALAXY_PHOTO-Z:   0.3254  +- 0.0298  



SIM_MODEL:  SALT2.K09_LAMOPEN  6  (name index) 
SIM_NON1a:      0   (non1a index) 
SIM_COMMENT:  SN Type = Ia , MODEL = SALT2.K09_LAMOPEN  
SIM_LIBID:  4  
SIM_REDSHIFT:  0.3619  
SIM_HOSTLIB_TRUEZ:  0.3600  (actual Z of hostlib) 
SIM_HOSTLIB_GALID:  10224  
SIM_DLMU:      41.428619  mag   [ -5*log10(10pc/dL) ]  
SIM_RA:        0.500000 deg  
SIM_DECL:      -43.000000 deg  
SIM_MWEBV:   0.0108   (MilkyWay E(B-V)) 
SIM_PEAKMAG:   22.77  22.23  22.25  22.35  (griz obs)
SIM_EXPOSURE:     1.0    1.0    1.0    1.0  (griz obs)
SIM_PEAKMJD:   56327.921875  days 
SIM_SALT2alpha:    0.110   
SIM_SALT2beta:     3.200   
SIM_SALT2x0:   2.038e-05   
SIM_SALT2x1:   -2.2440   
SIM_SALT2c:     0.0161   
SIM_SALT2mB:   22.3620   
SIM_MAGDIM:    1.416  
SIM_SEARCHEFF_MASK:  2  (bits 1,2=> found by software,humans) 
SIM_SEARCHEFF:  1.0000  (spectro-search efficiency (ignores pipelines)) 
SIM_TRESTMIN:   -38.01   days 
SIM_TRESTMAX:    -7.26   days 
SIM_RISETIME_SHIFT:   -0.0 days 
SIM_FALLTIME_SHIFT:   0.0 days 

SEARCH_PEAKMJD:   56327.156  


# ============================================ 
# TERSE LIGHT CURVE OUTPUT: 
#
NOBS: 20 
NVAR: 9 
VARLIST:  MJD  FLT FIELD   FLUXCAL   FLUXCALERR   SNR    MAG     MAGERR  SIM_MAG
OBS:  56276.152  g NULL  -3.237e+00   4.037e+00  -0.80   99.000    5.000   99.090
OBS:  56276.172  r NULL   4.192e+00   2.884e+00   1.45   99.000    5.000   99.217
OBS:  56277.164  i NULL   6.263e-01   3.541e+00   0.18   99.000    5.000   99.182
OBS:  56278.164  z NULL   3.129e+00   4.284e+00   0.73   99.000    5.000   99.143
OBS:  56288.035  g NULL   1.271e+01   1.451e+01   0.88   99.000    5.000   99.090
OBS:  56288.043  r NULL   6.304e+00   5.401e+00   1.17   99.000    5.000   99.217
OBS:  56288.051  i NULL  -4.816e-01   5.979e+00  -0.08   99.000    5.000   99.182
OBS:  56288.066  z NULL  -1.108e+00   6.735e+00  -0.16   99.000    5.000   99.143
OBS:  56292.109  g NULL  -3.996e+00   7.760e+00  -0.51   99.000    5.000   99.090
OBS:  56292.125  r NULL   1.739e+00   3.867e+00   0.45   99.000    5.000   99.217
OBS:  56296.039  i NULL  -9.967e-01   3.473e+00  -0.29   99.000    5.000   99.182
OBS:  56296.051  z NULL   5.356e+00   4.461e+00   1.20   99.000    5.000   99.143
OBS:  56305.043  g NULL   3.021e-01   2.872e+00   0.11   99.000    5.000   99.090
OBS:  56305.051  r NULL  -2.107e+00   2.173e+00  -0.97   99.000    5.000   99.217
OBS:  56305.055  i NULL   1.087e+00   3.045e+00   0.36   27.409  100.591   28.895
OBS:  56305.070  z NULL   3.491e+00   3.663e+00   0.95   26.143  101.857   27.645
OBS:  56317.035  g NULL   4.020e+01   1.485e+01   2.71   23.489    0.500   23.494
OBS:  56317.043  r NULL   5.348e+01   6.289e+00   8.50   23.180    0.137   22.983
OBS:  56317.051  i NULL   6.168e+01   7.019e+00   8.79   23.025    0.131   23.061
OBS:  56318.035  z NULL   7.889e+01   1.354e+01   5.83   22.757    0.205   22.702
END: 
