SURVEY: DES   
SNID:   718244   
IAUC:    UNKNOWN 
PHOTOMETRY_VERSION: DES 
SNTYPE:  1 
FILTERS: griz 
RA:      36.750000  deg 
DECL:    -4.500000  deg 
MAGTYPE: LOG10  
MAGREF:    
FAKE:    2   (=> simulated LC with snlc_sim.exe) 
MWEBV:   0.0283    MW E(B-V) 
REDSHIFT_HELIO:   0.29049 +- 0.00500  (Helio, z_best) 
REDSHIFT_FINAL:   0.29049 +- 0.00500  (CMB) 
REDSHIFT_SPEC:    0.29049 +- 0.00500  
REDSHIFT_STATUS: OK 
 
HOST_GALAXY_GALID:   17928 
HOST_GALAXY_PHOTO-Z:   0.3915  +- 0.0542  



SIM_MODEL:  mlcs2k2.SNchallenge  3  (name index) 
SIM_NON1a:      0   (non1a index) 
SIM_COMMENT:  SN Type = Ia , MODEL = mlcs2k2.SNchallenge  
SIM_LIBID:  2  
SIM_REDSHIFT:  0.2924  
SIM_HOSTLIB_TRUEZ:  0.2900  (actual Z of hostlib) 
SIM_HOSTLIB_GALID:  17928  
SIM_DLMU:      40.891628  mag   [ -5*log10(10pc/dL) ]  
SIM_RA:        36.750000 deg  
SIM_DECL:      -4.500000 deg  
SIM_MWEBV:   0.0233   (MilkyWay E(B-V)) 
SIM_AVTAU:        0.250   (dN/dAV = exp(-AV/AVTAU)) 
SIM_AV:         0.032  mag  (host extinction at 5510 A)
SIM_RV:         2.432   (CCM89 extinction parameter) 
SIM_PEAKMAG:   21.72  21.48  21.52  22.01  (griz obs)
SIM_EXPOSURE:     1.0    1.0    1.0    1.0  (griz obs)
SIM_PEAKMJD:   56360.566406  days 
SIM_DELTA:      0.325  mag  (MLCS lumi-par) 
SIM_STRETCH:    0.675  
SIM_MAGDIM:    0.399  
SIM_SEARCHEFF_MASK:  2  (bits 1,2=> found by software,humans) 
SIM_SEARCHEFF:  1.0000  (spectro-search efficiency (ignores pipelines)) 
SIM_TRESTMIN:   -37.54   days 
SIM_TRESTMAX:    -8.95   days 
SIM_RISETIME_SHIFT:   -0.0 days 
SIM_FALLTIME_SHIFT:   0.0 days 

SEARCH_PEAKMJD:   56361.949  


# ============================================ 
# TERSE LIGHT CURVE OUTPUT: 
#
NOBS: 17 
NVAR: 9 
VARLIST:  MJD  FLT FIELD   FLUXCAL   FLUXCALERR   SNR    MAG     MAGERR  SIM_MAG
OBS:  56312.047  g NULL  -2.013e+01   9.609e+00  -2.10   99.000    5.000   99.000
OBS:  56318.066  r NULL   6.900e+00   4.572e+00   1.51   99.000    5.000   99.000
OBS:  56318.078  i NULL  -1.486e+00   7.970e+00  -0.19   99.000    5.000   99.000
OBS:  56318.086  z NULL   1.226e-01   6.367e+00   0.02   99.000    5.000   99.000
OBS:  56320.035  g NULL  -6.877e+00   1.145e+01  -0.60   99.000    5.000   99.000
OBS:  56327.039  r NULL  -2.425e+00   2.796e+00  -0.87   99.000    5.000   99.000
OBS:  56327.047  i NULL  -7.619e-01   4.171e+00  -0.18   99.000    5.000   99.000
OBS:  56327.055  z NULL  -4.229e-02   4.750e+00  -0.01   99.000    5.000   99.000
OBS:  56328.039  g NULL  -8.090e-01   3.700e+00  -0.22   99.000    5.000   99.000
OBS:  56336.043  r NULL   2.968e+00   3.080e+00   0.96   26.319  101.681   28.497
OBS:  56336.055  i NULL   2.479e+00   5.007e+00   0.50   26.514  101.486   28.304
OBS:  56337.043  z NULL  -3.239e-01   4.039e+00  -0.08  128.000    0.000   27.282
OBS:  56338.043  g NULL   2.009e+00   3.557e+00   0.56   26.743  101.257   26.863
OBS:  56347.996  r NULL   7.286e+01   2.903e+00  25.10   22.844    0.045   22.805
OBS:  56348.004  i NULL   7.281e+01   5.089e+00  14.31   22.844    0.079   22.801
OBS:  56348.008  z NULL   5.698e+01   6.657e+00   8.56   23.111    0.136   22.945
OBS:  56348.996  g NULL   6.823e+01   5.800e+00  11.76   22.915    0.097   22.837
END: 
