SURVEY: DES   
SNID:   30273   
IAUC:    UNKNOWN 
PHOTOMETRY_VERSION: DES 
SNTYPE:  -9 
FILTERS: griz 
RA:      0.500000  deg 
DECL:    -43.000000  deg 
MAGTYPE: LOG10  
MAGREF:  AB  
FAKE:    2   (=> simulated LC with snlc_sim.exe) 
MWEBV:   0.0111    MW E(B-V) 
REDSHIFT_HELIO:   0.30083 +- 0.03400  (Helio, z_best) 
REDSHIFT_FINAL:   0.30083 +- 0.03400  (CMB) 
REDSHIFT_SPEC:    -9.00000 +- 9.00000  
REDSHIFT_STATUS: OK 
 
HOST_GALAXY_GALID:   16069 
HOST_GALAXY_PHOTO-Z:   0.3008  +- 0.0340  



SIM_MODEL:  NONIA  10  (name index) 
SIM_NON1a:      2   (non1a index) 
SIM_COMMENT:  SN Type = IIn , MODEL = NUGENT2n  
SIM_LIBID:  4  
SIM_REDSHIFT:  0.2755  
SIM_HOSTLIB_TRUEZ:  0.2800  (actual Z of hostlib) 
SIM_HOSTLIB_GALID:  16069  
SIM_DLMU:      40.743050  mag   [ -5*log10(10pc/dL) ]  
SIM_RA:        0.500000 deg  
SIM_DECL:      -43.000000 deg  
SIM_MWEBV:   0.0101   (MilkyWay E(B-V)) 
SIM_PEAKMAG:   21.13  21.25  21.31  21.48  (griz obs)
SIM_EXPOSURE:     1.0    1.0    1.0    1.0  (griz obs)
SIM_PEAKMJD:   56331.609375  days 
SIM_SALT2x0:   5.044e-17   
SIM_MAGDIM:    0.000  
SIM_SEARCHEFF_MASK:  2  (bits 1,2=> found by software,humans) 
SIM_SEARCHEFF:  1.0000  (spectro-search efficiency (ignores pipelines)) 
SIM_TRESTMIN:   -34.16   days 
SIM_TRESTMAX:   -10.64   days 
SIM_RISETIME_SHIFT:   0.0 days 
SIM_FALLTIME_SHIFT:   0.0 days 

SEARCH_PEAKMJD:   56331.020  


# ============================================ 
# TERSE LIGHT CURVE OUTPUT: 
#
NOBS: 16 
NVAR: 9 
VARLIST:  MJD  FLT FIELD   FLUXCAL   FLUXCALERR   SNR    MAG     MAGERR  SIM_MAG
OBS:  56288.035  g NULL   2.304e+01   1.451e+01   1.59   99.000    5.000   96.758
OBS:  56288.043  r NULL  -3.520e+00   5.400e+00  -0.65   99.000    5.000   96.791
OBS:  56288.051  i NULL  -7.829e+00   5.981e+00  -1.31   99.000    5.000   96.699
OBS:  56288.066  z NULL  -7.215e+00   6.736e+00  -1.07   99.000    5.000   96.711
OBS:  56292.109  g NULL   3.861e+00   7.760e+00   0.50   99.000    5.000   96.758
OBS:  56292.125  r NULL  -3.141e+00   3.867e+00  -0.81   99.000    5.000   96.791
OBS:  56296.039  i NULL  -1.825e+00   3.473e+00  -0.53   99.000    5.000   96.699
OBS:  56296.051  z NULL   5.626e+00   4.461e+00   1.26   99.000    5.000   96.711
OBS:  56305.043  g NULL  -6.727e+00   2.875e+00  -2.34   99.000    5.000   96.758
OBS:  56305.051  r NULL  -1.513e+00   2.173e+00  -0.70   99.000    5.000   96.791
OBS:  56305.055  i NULL   3.684e+00   3.046e+00   1.21   99.000    5.000   96.699
OBS:  56305.070  z NULL  -3.915e+00   3.663e+00  -1.07   99.000    5.000   96.711
OBS:  56317.035  g NULL   3.553e+02   1.647e+01  21.57   21.124    0.051   21.140
OBS:  56317.043  r NULL   2.542e+02   7.865e+00  32.31   21.487    0.034   21.470
OBS:  56317.051  i NULL   2.140e+02   8.018e+00  26.69   21.674    0.042   21.636
OBS:  56318.035  z NULL   1.785e+02   1.388e+01  12.86   21.871    0.088   21.784
END: 
