SURVEY: DES   
SNID:   98548   
IAUC:    UNKNOWN 
PHOTOMETRY_VERSION: DES 
SNTYPE:  -9 
FILTERS: griz 
RA:      0.500000  deg 
DECL:    -43.000000  deg 
MAGTYPE: LOG10  
MAGREF:  AB  
FAKE:    2   (=> simulated LC with snlc_sim.exe) 
MWEBV:   0.0111    MW E(B-V) 
REDSHIFT_HELIO:   0.49891 +- 0.02980  (Helio, z_best) 
REDSHIFT_FINAL:   0.49891 +- 0.02980  (CMB) 
REDSHIFT_SPEC:    -9.00000 +- 9.00000  
REDSHIFT_STATUS: OK 
 
HOST_GALAXY_GALID:   17927 
HOST_GALAXY_PHOTO-Z:   0.4989  +- 0.0298  



SIM_MODEL:  SALT2.K09_LAMOPEN  6  (name index) 
SIM_NON1a:      0   (non1a index) 
SIM_COMMENT:  SN Type = Ia , MODEL = SALT2.K09_LAMOPEN  
SIM_LIBID:  4  
SIM_REDSHIFT:  0.4920  
SIM_HOSTLIB_TRUEZ:  0.4900  (actual Z of hostlib) 
SIM_HOSTLIB_GALID:  17927  
SIM_DLMU:      42.219231  mag   [ -5*log10(10pc/dL) ]  
SIM_RA:        0.500000 deg  
SIM_DECL:      -43.000000 deg  
SIM_MWEBV:   0.0142   (MilkyWay E(B-V)) 
SIM_PEAKMAG:   23.81  22.47  22.58  22.63  (griz obs)
SIM_EXPOSURE:     1.0    1.0    1.0    1.0  (griz obs)
SIM_PEAKMJD:   56327.921875  days 
SIM_SALT2alpha:    0.110   
SIM_SALT2beta:     3.200   
SIM_SALT2x0:   1.210e-05   
SIM_SALT2x1:   -0.7142   
SIM_SALT2c:    -0.0015   
SIM_SALT2mB:   22.9279   
SIM_STRETCH:    0.286  
SIM_MAGDIM:    1.192  
SIM_SEARCHEFF_MASK:  2  (bits 1,2=> found by software,humans) 
SIM_SEARCHEFF:  1.0000  (spectro-search efficiency (ignores pipelines)) 
SIM_TRESTMIN:   -34.70   days 
SIM_TRESTMAX:    -6.63   days 
SIM_RISETIME_SHIFT:   -0.0 days 
SIM_FALLTIME_SHIFT:   -0.0 days 

SEARCH_PEAKMJD:   56329.156  


# ============================================ 
# TERSE LIGHT CURVE OUTPUT: 
#
NOBS: 20 
NVAR: 9 
VARLIST:  MJD  FLT FIELD   FLUXCAL   FLUXCALERR   SNR    MAG     MAGERR  SIM_MAG
OBS:  56276.152  g NULL  -3.763e+00   4.037e+00  -0.93   99.000    5.000   99.220
OBS:  56276.172  r NULL   3.123e+00   2.884e+00   1.08   99.000    5.000   99.103
OBS:  56277.164  i NULL  -5.339e+00   3.542e+00  -1.51   99.000    5.000   99.030
OBS:  56278.164  z NULL   1.717e-01   4.284e+00   0.04   99.000    5.000   99.076
OBS:  56288.035  g NULL   7.292e+00   1.450e+01   0.50   99.000    5.000   99.220
OBS:  56288.043  r NULL  -9.958e+00   5.403e+00  -1.84   99.000    5.000   99.103
OBS:  56288.051  i NULL   5.822e+00   5.980e+00   0.97   99.000    5.000   99.030
OBS:  56288.066  z NULL   2.221e+00   6.735e+00   0.33   99.000    5.000   99.076
OBS:  56292.109  g NULL  -5.949e+00   7.760e+00  -0.77   99.000    5.000   99.220
OBS:  56292.125  r NULL  -1.811e+00   3.867e+00  -0.47   99.000    5.000   99.103
OBS:  56296.039  i NULL   4.823e+00   3.474e+00   1.39   99.000    5.000   99.030
OBS:  56296.051  z NULL  -1.227e+00   4.460e+00  -0.28   99.000    5.000   99.076
OBS:  56305.043  g NULL   9.218e-01   2.875e+00   0.32   27.588  100.412   27.686
OBS:  56305.051  r NULL   5.066e+00   2.182e+00   2.32   25.738    0.612   25.576
OBS:  56305.055  i NULL   6.421e+00   3.052e+00   2.10   25.481    0.700   25.585
OBS:  56305.070  z NULL   3.236e+00   3.664e+00   0.88   26.225  101.775   25.609
OBS:  56317.035  g NULL   2.959e+01   1.483e+01   2.00   23.822    0.755   23.947
OBS:  56317.043  r NULL   6.992e+01   6.346e+00  11.02   22.889    0.103   22.926
OBS:  56317.051  i NULL   5.650e+01   7.005e+00   8.07   23.120    0.144   23.042
OBS:  56318.035  z NULL   5.070e+01   1.349e+01   3.76   23.238    0.337   23.007
END: 
