SURVEY: DES   
SNID:   795550   
IAUC:    UNKNOWN 
PHOTOMETRY_VERSION: DES 
SNTYPE:  -9 
FILTERS: griz 
RA:      36.750000  deg 
DECL:    -4.500000  deg 
MAGTYPE: LOG10  
MAGREF:  AB  
FAKE:    2   (=> simulated LC with snlc_sim.exe) 
MWEBV:   0.0283    MW E(B-V) 
REDSHIFT_HELIO:   0.47671 +- 0.03660  (Helio, z_best) 
REDSHIFT_FINAL:   0.47671 +- 0.03660  (CMB) 
REDSHIFT_SPEC:    -9.00000 +- 9.00000  
REDSHIFT_STATUS: OK 
 
HOST_GALAXY_GALID:   19933 
HOST_GALAXY_PHOTO-Z:   0.4767  +- 0.0366  



SIM_MODEL:  SALT2.K09_LAMOPEN  6  (name index) 
SIM_NON1a:      0   (non1a index) 
SIM_COMMENT:  SN Type = Ia , MODEL = SALT2.K09_LAMOPEN  
SIM_LIBID:  2  
SIM_REDSHIFT:  0.4703  
SIM_HOSTLIB_TRUEZ:  0.4700  (actual Z of hostlib) 
SIM_HOSTLIB_GALID:  19933  
SIM_DLMU:      42.102066  mag   [ -5*log10(10pc/dL) ]  
SIM_RA:        36.750000 deg  
SIM_DECL:      -4.500000 deg  
SIM_MWEBV:   0.0299   (MilkyWay E(B-V)) 
SIM_PEAKMAG:   23.78  22.56  22.71  22.77  (griz obs)
SIM_EXPOSURE:     1.0    1.0    1.0    1.0  (griz obs)
SIM_PEAKMJD:   56358.289062  days 
SIM_SALT2alpha:    0.110   
SIM_SALT2beta:     3.200   
SIM_SALT2x0:   1.298e-05   
SIM_SALT2x1:    0.0658   
SIM_SALT2c:     0.0381   
SIM_SALT2mB:   22.8518   
SIM_STRETCH:    1.066  
SIM_MAGDIM:    1.233  
SIM_SEARCHEFF_MASK:  2  (bits 1,2=> found by software,humans) 
SIM_SEARCHEFF:  1.0000  (spectro-search efficiency (ignores pipelines)) 
SIM_TRESTMIN:   -36.89   days 
SIM_TRESTMAX:    -6.32   days 
SIM_RISETIME_SHIFT:   0.0 days 
SIM_FALLTIME_SHIFT:   0.0 days 

SEARCH_PEAKMJD:   56358.609  


# ============================================ 
# TERSE LIGHT CURVE OUTPUT: 
#
NOBS: 21 
NVAR: 9 
VARLIST:  MJD  FLT FIELD   FLUXCAL   FLUXCALERR   SNR    MAG     MAGERR  SIM_MAG
OBS:  56304.043  g NULL  -1.720e+00   2.546e+00  -0.68   99.000    5.000   99.312
OBS:  56306.102  r NULL  -4.616e-01   3.207e+00  -0.14   99.000    5.000   99.216
OBS:  56306.113  i NULL   4.175e+00   4.304e+00   0.97   99.000    5.000   99.248
OBS:  56306.121  z NULL   5.520e+00   5.390e+00   1.02   99.000    5.000   99.274
OBS:  56312.047  g NULL  -1.342e+01   9.605e+00  -1.40   99.000    5.000   99.312
OBS:  56318.066  r NULL   8.071e-01   4.570e+00   0.18   99.000    5.000   99.216
OBS:  56318.078  i NULL   1.508e+00   7.970e+00   0.19   99.000    5.000   99.248
OBS:  56318.086  z NULL  -1.360e+00   6.367e+00  -0.21   99.000    5.000   99.274
OBS:  56320.035  g NULL  -2.895e+00   1.145e+01  -0.25   99.000    5.000   99.312
OBS:  56327.039  r NULL  -5.424e+00   2.797e+00  -1.94   99.000    5.000   99.216
OBS:  56327.047  i NULL   2.851e+00   4.171e+00   0.68   99.000    5.000   99.248
OBS:  56327.055  z NULL   2.938e+00   4.750e+00   0.62   99.000    5.000   99.274
OBS:  56328.039  g NULL   2.613e+00   3.700e+00   0.71   99.000    5.000   99.312
OBS:  56336.043  r NULL   9.766e+00   3.092e+00   3.16   25.026    0.413   25.128
OBS:  56336.055  i NULL   1.053e+01   5.014e+00   2.10   24.944    0.702   25.227
OBS:  56337.043  z NULL   9.229e+00   4.045e+00   2.28   25.087    0.626   24.952
OBS:  56338.043  g NULL   6.151e+00   3.565e+00   1.73   25.528    0.941   25.971
OBS:  56347.996  r NULL   6.528e+01   2.832e+00  23.05   22.963    0.049   22.908
OBS:  56348.004  i NULL   5.680e+01   5.009e+00  11.34   23.114    0.100   23.083
OBS:  56348.008  z NULL   5.493e+01   6.649e+00   8.26   23.151    0.140   23.122
OBS:  56348.996  g NULL   3.597e+01   5.609e+00   6.41   23.610    0.184   23.792
END: 
