SURVEY: DES   
SNID:   340741   
IAUC:    UNKNOWN 
PHOTOMETRY_VERSION: DES 
SNTYPE:  -9 
FILTERS: griz 
RA:      0.500000  deg 
DECL:    -43.000000  deg 
MAGTYPE: LOG10  
MAGREF:  AB  
FAKE:    2   (=> simulated LC with snlc_sim.exe) 
MWEBV:   0.0111    MW E(B-V) 
REDSHIFT_HELIO:   0.43421 +- 0.04360  (Helio, z_best) 
REDSHIFT_FINAL:   0.43421 +- 0.04360  (CMB) 
REDSHIFT_SPEC:    -9.00000 +- 9.00000  
REDSHIFT_STATUS: OK 
 
HOST_GALAXY_GALID:   11382 
HOST_GALAXY_PHOTO-Z:   0.4342  +- 0.0436  



SIM_MODEL:  SALT2.K09_LAMOPEN  6  (name index) 
SIM_NON1a:      0   (non1a index) 
SIM_COMMENT:  SN Type = Ia , MODEL = SALT2.K09_LAMOPEN  
SIM_LIBID:  4  
SIM_REDSHIFT:  0.4874  
SIM_HOSTLIB_TRUEZ:  0.4900  (actual Z of hostlib) 
SIM_HOSTLIB_GALID:  11382  
SIM_DLMU:      42.194828  mag   [ -5*log10(10pc/dL) ]  
SIM_RA:        0.500000 deg  
SIM_DECL:      -43.000000 deg  
SIM_MWEBV:   0.0121   (MilkyWay E(B-V)) 
SIM_PEAKMAG:   23.56  22.36  22.52  22.52  (griz obs)
SIM_EXPOSURE:     1.0    1.0    1.0    1.0  (griz obs)
SIM_PEAKMJD:   56328.984375  days 
SIM_SALT2alpha:    0.110   
SIM_SALT2beta:     3.200   
SIM_SALT2x0:   1.155e-05   
SIM_SALT2x1:   -0.8307   
SIM_SALT2c:     0.0180   
SIM_SALT2mB:   22.9787   
SIM_STRETCH:    0.169  
SIM_MAGDIM:    1.267  
SIM_SEARCHEFF_MASK:  2  (bits 1,2=> found by software,humans) 
SIM_SEARCHEFF:  1.0000  (spectro-search efficiency (ignores pipelines)) 
SIM_TRESTMIN:   -35.52   days 
SIM_TRESTMAX:    -7.36   days 
SIM_RISETIME_SHIFT:   0.0 days 
SIM_FALLTIME_SHIFT:   0.0 days 

SEARCH_PEAKMJD:   56328.836  


# ============================================ 
# TERSE LIGHT CURVE OUTPUT: 
#
NOBS: 20 
NVAR: 9 
VARLIST:  MJD  FLT FIELD   FLUXCAL   FLUXCALERR   SNR    MAG     MAGERR  SIM_MAG
OBS:  56276.152  g NULL   2.837e+00   4.037e+00   0.70   99.000    5.000   98.910
OBS:  56276.172  r NULL   3.273e-01   2.883e+00   0.11   99.000    5.000   98.941
OBS:  56277.164  i NULL   7.907e+00   3.544e+00   2.23   99.000    5.000   98.937
OBS:  56278.164  z NULL   1.075e+00   4.284e+00   0.25   99.000    5.000   98.937
OBS:  56288.035  g NULL   1.040e+01   1.451e+01   0.72   99.000    5.000   98.910
OBS:  56288.043  r NULL   5.017e-01   5.400e+00   0.09   99.000    5.000   98.941
OBS:  56288.051  i NULL   1.234e+01   5.984e+00   2.06   99.000    5.000   98.937
OBS:  56288.066  z NULL  -2.338e+00   6.735e+00  -0.35   99.000    5.000   98.937
OBS:  56292.109  g NULL   4.202e+00   7.760e+00   0.54   99.000    5.000   98.910
OBS:  56292.125  r NULL   7.894e-01   3.867e+00   0.20   99.000    5.000   98.941
OBS:  56296.039  i NULL  -4.315e+00   3.474e+00  -1.24   99.000    5.000   98.937
OBS:  56296.051  z NULL   6.688e+00   4.462e+00   1.50   99.000    5.000   98.937
OBS:  56305.043  g NULL   4.544e+00   2.875e+00   1.58   25.856    1.086   28.385
OBS:  56305.051  r NULL   6.437e+00   2.181e+00   2.95   25.478    0.449   25.968
OBS:  56305.055  i NULL   6.421e+00   3.050e+00   2.10   25.481    0.699   25.999
OBS:  56305.070  z NULL   6.798e+00   3.666e+00   1.85   25.419    0.841   25.974
OBS:  56317.035  g NULL   3.287e+01   1.483e+01   2.22   23.708    0.651   23.847
OBS:  56317.043  r NULL   7.742e+01   6.375e+00  12.14   22.778    0.093   22.951
OBS:  56317.051  i NULL   4.455e+01   6.974e+00   6.39   23.378    0.186   23.112
OBS:  56318.035  z NULL   4.069e+01   1.348e+01   3.02   23.476    0.438   22.996
END: 
