SURVEY: DES   
SNID:   854190   
IAUC:    UNKNOWN 
PHOTOMETRY_VERSION: DES 
SNTYPE:  -9 
FILTERS: griz 
RA:      0.500000  deg 
DECL:    -43.000000  deg 
MAGTYPE: LOG10  
MAGREF:  AB  
FAKE:    2   (=> simulated LC with snlc_sim.exe) 
MWEBV:   0.0111    MW E(B-V) 
REDSHIFT_HELIO:   0.12409 +- 0.04210  (Helio, z_best) 
REDSHIFT_FINAL:   0.12409 +- 0.04210  (CMB) 
REDSHIFT_SPEC:    -9.00000 +- 9.00000  
REDSHIFT_STATUS: OK 
 
HOST_GALAXY_GALID:   17734 
HOST_GALAXY_PHOTO-Z:   0.1241  +- 0.0421  



SIM_MODEL:  SALT2.K09_LAMOPEN  6  (name index) 
SIM_NON1a:      0   (non1a index) 
SIM_COMMENT:  SN Type = Ia , MODEL = SALT2.K09_LAMOPEN  
SIM_LIBID:  4  
SIM_REDSHIFT:  0.1259  
SIM_HOSTLIB_TRUEZ:  0.1300  (actual Z of hostlib) 
SIM_HOSTLIB_GALID:  17734  
SIM_DLMU:      38.852093  mag   [ -5*log10(10pc/dL) ]  
SIM_RA:        0.500000 deg  
SIM_DECL:      -43.000000 deg  
SIM_MWEBV:   0.0114   (MilkyWay E(B-V)) 
SIM_PEAKMAG:   20.10  19.85  20.11  20.36  (griz obs)
SIM_EXPOSURE:     1.0    1.0    1.0    1.0  (griz obs)
SIM_PEAKMJD:   56306.750000  days 
SIM_SALT2alpha:    0.110   
SIM_SALT2beta:     3.200   
SIM_SALT2x0:   1.618e-04   
SIM_SALT2x1:    1.1643   
SIM_SALT2c:     0.2354   
SIM_SALT2mB:   20.1122   
SIM_STRETCH:    2.164  
SIM_MAGDIM:    1.743  
SIM_SEARCHEFF_MASK:  3  (bits 1,2=> found by software,humans) 
SIM_SEARCHEFF:  1.0000  (spectro-search efficiency (ignores pipelines)) 
SIM_TRESTMIN:   -36.05   days 
SIM_TRESTMAX:    10.02   days 
SIM_RISETIME_SHIFT:   -0.0 days 
SIM_FALLTIME_SHIFT:   0.0 days 

SEARCH_PEAKMJD:   56306.922  


# ============================================ 
# TERSE LIGHT CURVE OUTPUT: 
#
NOBS: 21 
NVAR: 9 
VARLIST:  MJD  FLT FIELD   FLUXCAL   FLUXCALERR   SNR    MAG     MAGERR  SIM_MAG
OBS:  56266.156  z NULL   4.174e+00   5.282e+00   0.79   99.000    5.000   99.112
OBS:  56276.152  g NULL  -3.530e+00   4.037e+00  -0.87   99.000    5.000   99.109
OBS:  56276.172  r NULL  -7.208e-01   2.883e+00  -0.25   99.000    5.000   99.105
OBS:  56277.164  i NULL  -9.770e-01   3.541e+00  -0.28   99.000    5.000   99.102
OBS:  56278.164  z NULL  -6.945e+00   4.286e+00  -1.62   99.000    5.000   99.112
OBS:  56288.035  g NULL   6.605e+01   1.461e+01   4.52   22.950    0.271   23.011
OBS:  56288.043  r NULL   7.718e+01   5.622e+00  13.73   22.781    0.082   22.781
OBS:  56288.051  i NULL   8.796e+01   6.220e+00  14.14   22.639    0.079   22.682
OBS:  56288.066  z NULL   6.719e+01   6.856e+00   9.80   22.932    0.117   22.962
OBS:  56292.109  g NULL   2.692e+02   9.737e+00  27.65   21.425    0.040   21.431
OBS:  56292.125  r NULL   3.265e+02   7.368e+00  44.32   21.215    0.025   21.214
DETECTION:  6 MJDs satisfy g+r+i+z 
OBS:  56296.039  i NULL   6.442e+02   1.259e+01  51.18   20.477    0.021   20.503
OBS:  56296.051  z NULL   4.567e+02   9.641e+00  47.38   20.851    0.024   20.827
OBS:  56305.043  g NULL   9.138e+02   1.778e+01  51.40   20.098    0.021   20.093
OBS:  56305.051  r NULL   1.153e+03   2.167e+01  53.18   19.846    0.020   19.879
OBS:  56305.055  i NULL   9.261e+02   1.761e+01  52.59   20.083    0.020   20.104
OBS:  56305.070  z NULL   7.277e+02   1.407e+01  51.72   20.345    0.021   20.330
OBS:  56317.035  g NULL   6.117e+02   1.908e+01  32.06   20.534    0.035   20.500
OBS:  56317.043  r NULL   9.523e+02   1.888e+01  50.43   20.053    0.022   20.026
OBS:  56317.051  i NULL   7.324e+02   1.534e+01  47.73   20.338    0.023   20.348
OBS:  56318.035  z NULL   4.914e+02   1.630e+01  30.14   20.771    0.037   20.726
END: 
